1010410
1010424
1010459
1010460
1010598
1010621
1010625
1010647
1010652
1010656
1010659
1010665
1010667
1010676
1010682
1010686
1010691
1010693
1010713
1010721
1010744
1010747
1010752
1010757
1010761
1010766
1010767
1010775
1010794
1010819
1010822
1010824
1010846
1010855
1010860
1010861
1010862
1010872
1010888
1010894
1010909
1010911
1010916
1010923
1010929
1010947
1010958
1010959
1010960
1010968
1010977
1010987
1010990
1010994
1010999
1011001
1011014
1011015
1011016
1011017
1011037
1011052
1011054
1011064
1011073
1011075
1011077
1011080
1011082
1011083
1011096
1011101
1011111
1011125
1011160
1011171
1011196
1011229
1011230
1011235
1011238
1011253
1011259
1011290
1011293
1011295
1011307
1011311
1011324
1011325
1011327
1011332
1011333
1011335
1011340
1011343
1011345
1011346
1011366
1011369
1011389
1011393
1011404
1011414
1011417
1011425
1011434
1011462
1011466
1011470
1011481
1011504
1011510
1011516
1011531
1011576
1011583
1011599
1011602
1011604
1011607
1011641
1011642
1011659
1011667
1011674
1011696
1011715
1011764
1011778
1011816
1011822
1011828
1011831
1011844
1011861
1011873
1011880
1011890
1011899
1011905
1011919
1011925
1011932
1011937
1011951
1011983
1012001
1012023
1012032
1012033
1012060
1012065
1012084
1012107
1012110
1012116
1012121
1012144
1012146
1012182
1012190
1012195
1012210
1012212
1012218
1012244
1012250
1012258
1012263
1012267
1012279
1012286
1012287
1012290
1012294
1012295
1012307
1012314
1012315
1012323
1012331
1012341
1012358
1012361
1012379
1012389
1012410
1012418
1012421
1012423
1012442
1012449
1012453
1012456
1012458
1012467
1012470
1012471
1012477
1012544
1012548
1012560
1012566
1012571
1012575
1012578
1012579
1012581
1012595
1012608
1012610
1012611
1012614
1012617
1012619
1012631
1012648
1012649
1012657
1012674
1012687
1012689
1012702
1012707
1012725
1012728
1012733
1012735
1012741
1012745
1012764
1012797
1012843
1012854
1012878
1012883
1012889
1012891
1012893
1012906
1012924
1012926
1012934
1012938
1012948
1012978
1012982
1012988
1012991
1012996
1013003
1013013
1013024
1013034
1013037
1013042
1013050
1013055
1013071
1013072
1013081
1013092
1013095
1013103
1013109
1013111
1013113
1013114
1013117
1013123
1013125
1013127
1013134
1013137
1013138
1013151
1013153
1013155
1013159
1013160
1013161
1013166
1013169
1013170
1013177
1013182
1013184
1013197
1013199
1013203
1013204
1013210
1013220
1013225
1013227
1013229
1013230
1013231
1013238
1013244
1013250
1013255
1013259
1013263
1013272
1013278
1013282
1013287
1013289
1013293
1013297
1013302
1013312
1013313
1013317
1013325
1013333
1013338
1013342
1013344
1013352
1013354
1013358
1013359
1013361
1013368
1013370
1013371
1013372
1013376
1013377
1013378
1013379
1013380
1013385
1013388
1013390
1013393
1013394
1013395
1013406
1013407
1013413
1013415
1013422
1013423
1013431
1013432
1013441
1013445
1013459
1013467
1013468
1013470
1013471
1013475
1013477
1013478
1013482
1013487
1013489
1013499
1013508
1013509
1013511
1013513
1013516
1013520
1013530
1013533
1013552
1013556
1013569
1013570
1013577
1013578
1013579
1013583
1013584
1013585
1013588
1013590
1013591
1013595
1013598
1013614
1013615
1013620
1013621
1013624
1013625
1013626
1013631
1013634
1013635
1013636
1013648
1013660
1013661
1013662
1013663
1013664
1013666
1013668
1013670
1013671
1013675
1013678
1013683
1013690
1013697
1013699
1013705
1013715
1013716
1013717
1013724
1013729
1013744
1013746
1013747
1013752
1013759
1013767
1013776
1013783
1013794
1013806
1013814
1013833
1013835
1013840
1013855
1013867
1013872
1013879
1013882
1013885
1013887
1013894
1013897
1013898
1013901
1013907
1013908
1013912
1013915
1013917
1013918
1013935
1013942
1013951
1013967
1013969
1013970
1013973
1013981
1013982
1013985
1013986
1013989
1013990
1013992
1013995
1014000
1014001
1014002
1014003
1014005
1014007
1014008
1014011
1014012
1014013
1014014
1014018
1014019
1014021
1014022
1014026
1014028
1014030
1014031
1014032
1014043
1014045
1014047
1014049
1014051
1014057
1014058
1014064
1014065
1014067
1014069
1014070
1014071
1014077
1014079
1014081
1014090
1014091
1014092
1014094
1014095
1014096
1014097
1014102
1014104
1014107
1014109
1014110
1014111
1014113
1014116
1014118
1014119
1014121
1014122
1014126
1014131
1014132
1014134
1014135
1014137
1014141
1014144
1014148
1014150
1014152
1014156
1014157
1014159
1014162
1014163
1014166
1014168
1014169
1014170
1014173
1014175
1014178
1014183
1014193
1014194
1014197
1014200
1014203
1014205
1014209
1014215
1014220
1014225
1014228
1014229
1014231
1014234
1014238
1014248
1014252
1014255
1014258
1014259
1014261
1014264
1014266
1014270
1014281
1014285
1014290
1014300
1014314
1014315
1014317
1014324
1014327
1014329
1014335
1014345
1014346
1014349
1014360
1014366
1014376
1014378
1014382
1014385
1014389
1014395
1014396
1014414
1014417
1014419
1014421
1014425
1014427
1014428
1014437
1014441
1014444
1014446
1014452
1014454
1014458
1014472
1014474
1014477
1014480
1014482
1014495
1014508
1014509
1014511
1014538
1014546
1014555
1014569
1014623
1014638
1014640
1014654
1014658
1014661
1014686
1014705
1014709
1014735
1014737
1014739
1014749
1014753
1014778
1014780
1014782
1014784
1014799
1014806
1014810
1014823
1014839
1014841
1014844
1014845
1014851
1014855
1014859
1014864
1014878
1014880
1014889
1014901
1014903
1014906
1014909
1014925
1014930
1014938
1014942
1014955
1014960
1014963
1014973
1014979
1014983
1014985
1014990
1015022
1015025
1015032
1015033
1015037
1015038
1015039
1015046
1015049
1015055
1015060
1015061
1015063
1015064
1015067
1015072
1015092
1015095
1015113
1015122
1015127
1015132
1015144
1015145
1015171
1015185
1015198
1015204
1015205
1015206
1015246
1015256
1015260
1015266
1015268
1015271
1015272
1015299
1015303
1015311
1015321
1015324
1015332
1015354
1015361
1015370
1015372
1015379
1015392
1015413
1015432
1015435
1015442
1015447
1015453
1015461
1015498
1015500
1015534
1015536
1015544
1015570
1015571
1015578
1015580
1015591
1015592
1015593
1015595
1015612
1015615
1015616
1015625
1015636
1015637
1015638
1015640
1015648
1015657
1015661
1015663
1015669
1015671
1015696
1015736
1015739
1015749
1015752
1015760
1015778
1015841
1015883
1015891
1015895
1015907
1015976
1015998
1016005
1016018
1016046
1016054
1016069
1016104
1016105
1016115
1016127
1016186
1016191
1016219
1016264
1016265
1016292
1016300
1016317
1016321
1016333
1016342
1016345
1016364
1016374
1016398
1016405
1016426
1016433
1016439
1016453
1016460
1016465
1016470
1016489
1016490
1016491
1016496
1016497
1016523
1016528
1016539
1016557
1016561
1016577
1016600
1016601
1016602
1016651
1016653
1016681
1016714
1016731
1016732
1016745
1016749
1016750
1016761
1016771
1016783
1016786
1016791
1016793
1016797
1016801
1016807
1016809
1016832
1016842
1016846
1016848
1016864
1016871
1016881
1016885
1016895
1016903
1016909
1016923
1016933
1016935
1016945
1016947
1016949
1016959
1016963
1016973
1016977
1016984
1016996
1016999
1017007
1017023
1017024
1017036
1017050
1017052
1017059
1017062
1017064
1017066
1017078
1017085
1017090
1017092
1017094
1017095
1017097
1017101
1017106
1017108
1017112
1017119
1017122
1017124
1017139
1017141
1017145
1017146
1017149
1017156
1017171
1017172
1017173
1017182
1017183
1017188
1017193
1017203
1017204
1017206
1017208
1017213
1017216
1017225
1017235
1017237
1017239
1017240
1017241
1017243
1017246
1017249
1017256
1017261
1017268
1017269
1017270
1017273
1017276
1017280
1017290
1017296
1017299
1017302
1017311
1017323
1017328
1017331
1017334
1017336
1017346
1017355
1017360
1017369
1017379
1017382
1017387
1017389
1017392
1017402
1017413
1017416
1017417
1017418
1017425
1017446
1017460
1017471
1017493
1017497
1017519
1017524
1017528
1017546
1017551
1017561
1017574
1017579
1017587
1017633
1017634
1017635
1017645
1017650
1017679
1017682
1017683
1017685
1017688
1017692
1017695
1017698
1017719
1017729
1017732
1017733
1017743
1017748
1017768
1017769
1017776
1017783
1017786
1017789
1017796
1017799
1017808
1017811
1017833
1017841
1017844
1017849
1017852
1017856
1017860
1017863
1017872
1017884
1017892
1017897
1017901
1017905
1017909
1017911
1017915
1017916
1017918
1017923
1017924
1017941
1017945
1017955
1017956
1017959
1017965
1017966
1017973
1017974
1017993
1017997
1018012
1018013
1018036
1018047
1018055
1018056
1018062
1018077
1018088
1018096
1018104
1018116
1018117
1018135
1018139
1018141
1018177
1018181
1018185
1018199
1018213
1018234
1018264
1018277
1018282
1018293
1018301
1018325
1018339
1018381
1018421
1018433
1018454
1018456
1018496
1018508
1018531
1018533
1018569
1018573
1018589
1018590
1018599
1018606
1018663
1018698
1018709
1018732
1018733
1018749
1018772
1018786
1018801
1018838
1018854
1018860
1018872
1018874
1018943
1018997
1019010
1019060
1019090
1019094
1019118
1019132
1019143
1019173
1019229
1019237
1019245
1019286
1019344
1019368
1019387
1019414
1019416
1019418
1019432
1019460
1019689
1019697
1019717
1019734
1019737
1019809
1019861
1019872
1019904
1019913
1019933
1019943
1019956
1019959
1019961
1019970
1020015
1020028
1020035
1020095
1020115
1020130
1020131
1020162
1020163
1020171
1020218
1020221
1020251
1020259
1020269
1020306
1020316
1020318
1020327
1020332
1020337
1020341
1020343
1020345
1020349
1020353
1020382
1020400
1020401
1020416
1020421
1020450
1020473
1020474
1020483
1020487
1020498
1020502
1020529
1020534
1020543
1020549
1020580
1020585
1020590
1020591
1020606
1020609
1020613
1020629
1020630
1020642
1020648
1020671
1020677
1020682
1020689
1020704
1020707
1020733
1020739
1020744
1020779
1020780
1020781
1020795
1020803
1020814
1020827
1020829
1020830
1020833
1020834
1020841
1020847
1020850
1020855
1020856
1020867
1020869
1020881
1020891
1020892
1020895
1020896
1020898
1020900
1020909
1020912
1020918
1020919
1020931
1020932
1020934
1020937
1020938
1020941
1020943
1020948
1020951
1020953
1020957
1020971
1020972
1020976
1020987
1020996
1021015
1021024
1021025
1021046
1021069
1021071
1021081
1021082
1021083
1021089
1021097
1021114
1021115
1021120
1021121
1021124
1021135
1021137
1021156
1021202
1021253
1021267
1021277
1021742
1021834
1021906
1021946
1021984
1022000
1022032
1022082
1022255
1022261
1022316
1022334
1022342
1022347
1022364
1022376
1022416
1022445
1022463
1022518
1022542
1022569
1022601
1022604
1022616
1022634
1022640
1022669
1022733
1022740
1022779
1022794
1022826
1022833
1022875
1022876
1022893
1022897
1022917
1022919
1022927
1022932
1022943
1022950
1022952
1022968
1022977
1022981
1023006
1023014
1023021
1023033
1023038
1023040
1023056
1023071
1023098
1023112
1023116
1023145
1023149
1023153
1023157
1023167
1023187
1023191
1023195
1023202
1023214
1023244
1023248
1023252
1023256
1023259
1023281
1023282
1023289
1023301
1023340
1023375
1023378
1023413
1023415
1023421
1023434
1023436
1023440
1023458
1023463
1023474
1023478
1023480
1023494
1023521
1023543
1023546
1023602
1023603
1023626
1023630
1023647
1023661
1023666
1023671
1023688
1023692
1023709
1023727
1023753
1023758
1023776
1023784
1023864
1023866
1023872
1023888
1023906
1023923
1023938
1023940
1023944
1023976
1023977
1023981
1023995
1024005
1024023
1024038
1024040
1024046
1024077
1024081
1024095
1024123
1024129
1024142
1024159
1024162
1024166
1024173
1024179
1024192
1024197
1024210
1024217
1024233
1024245
1024248
1024251
1024252
1024293
1024301
1024309
1024314
1024327
1024353
1024360
1024368
1024397
1024403
1024411
1024426
1024427
1024453
1024457
1024460
1024464
1024465
1024487
1024494
1024513
1024546
1024567
1024602
1024613
1024633
1024639
1024653
1024657
1024688
1024696
1024698
1024711
1024720
1024727
1024738
1024746
1024747
1024786
1024873
1024886
1024893
1024903
1024909
1024917
1024918
1024955
1024970
1024972
1024974
1024982
1024989
1024992
1024994
1024999
1025005
1025007
1025009
1025017
1025027
1025029
1025034
1025056
1025060
1025068
1025116
1025121
1025151
1025153
1025176
1025183
1025185
1025209
1025219
1025221
1025236
1025239
1025244
1025251
1025253
1025277
1025287
1025296
1025303
1025304
1025317
1025324
1025335
1025339
1025347
1025351
1025353
1025366
1025373
1025388
1025396
1025398
1025404
1025409
1025432
1025468
1025473
1025541
1025552
1025559
1025564
1025571
1025575
1025585
1025587
1025589
1025597
1025619
1025647
1025715
1025733
1025757
1025818
1025823
1025933
1025972
1025992
1026000
1026037
1026041
1026052
1026053
1026058
1026059
1026064
1026067
1026069
1026074
1026098
1026100
1026110
1026127
1026135
1026138
1026154
1026156
1026169
1026182
1026186
1026190
1026192
1026195
1026199
1026200
1026223
1026227
1026238
1026252
1026256
1026260
1026262
1026276
1026279
1026287
1026303
1026304
1026310
1026320
1026333
1026335
1026337
1026339
1026342
1026355
1026359
1026360
1026371
1026372
1026374
1026375
1026380
1026405
1026419
1026428
1026429
1026436
1026450
1026517
1026578
1026579
1026580
1026581
1026601
1026606
1026621
1026633
1026670
1026672
1026702
1026767
1026886
1026890
1026900
1026905
1026908
1026929
1026951
1026973
1027002
1027034
1027065
1027076
1027110
1027122
1027125
1027156
1027172
1027186
1027192
1027194
1027203
1027225
1027251
1027262
1027265
1027269
1027306
1027349
1027357
1027361
1027414
1027428
1027433
1027434
1027435
1027442
1027485
1027513
1027545
1027552
1027559
1027568
1027572
1027581
1027586
1027588
1027590
1027591
1027595
1027596
1027603
1027623
1027632
1027640
1027648
1027653
1027663
1027668
1027676
1027696
1027707
1027724
1027805
1027806
1027828
1027829
1027841
1027849
1027870
1027871
1027878
1027883
1027891
1027922
1027928
1027965
1027968
1028047
1028060
1028063
1028066
1028081
1028088
1028158
1028164
1028459
1028592
1028716
1028745
1028759
1028768
1028989
1029068
1029075
1029196
1029294
1029302
1029365
1029435
1029456
1029469
1029484
1029510
1029570
1029594
1029604
1029615
1029616
1029632
1029645
1029656
1029665
1029677
1029700
1029797
1029903
1029933
1029943
1029966
1029982
1029990
1029993
1029996
1030018
1030061
1030081
1030099
1030112
1030124
1030159
1030203
1030227
1030259
1030266
1030283
1030308
1030313
1030334
1030369
1030370
1030375
1030388
1030413
1030424
1030436
1030448
1030459
1030462
1030476
1030478
1030482
1030493
1030501
1030508
1030509
1030514
1030527
1030530
1030535
1030539
1030544
1030546
1030549
1030556
1030566
1030585
1030594
1030605
1030629
1030632
1030675
1030745
1030753
1030806
1030822
1030912
1030965
1031033
1031055
1031068
1031069
1031070
1031078
1031102
1031126
1031129
1031135
1031144
1031145
1031147
1031148
1031160
1031164
1031182
1031193
1031245
1031260
1031269
1031278
1031284
1031297
1031299
1031406
1031416
1031420
1031514
1031528
1031604
1031617
1031648
1031676
1031680
1031746
1031768
1031788
1031797
1031798
1031814
1031825
1031855
1031858
1031865
1031872
1031901
1031917
1031927
1031930
1031963
1031966
1032012
1032016
1032071
1032099
1032137
1032142
1032238
1032249
1032292
1032407
1032421
1032422
1032430
1032441
1032472
1032495
1032511
1032531
1032535
1032575
1032578
1032579
1032598
1032614
1032627
1032640
1032643
1032644
1032660
1032730
1032742
1032756
1032759
1032785
1032789
1032793
1032824
1032868
1032930
1032939
1032947
1032972
1032997
1033006
1033007
1033010
1033021
1033028
1033041
1033042
1033047
1033070
1033073
1033076
1033087
1033090
1033092
1033094
1033098
1033108
1033113
1033137
1033154
1033157
1033159
1033161
1033174
1033177
1033180
1033216
1033254
1033271
1033274
1033286
1033287
1033290
1033370
1033377
1033378
1033387
1033393
1033404
1033405
1033411
1033428
1033430
1033435
1033440
1033445
1033451
1033462
1033463
1033469
1033476
1033488
1033489
1033499
1033509
1033525
1033538
1033546
1033550
1033555
1033560
1033579
1033582
1033583
1033594
1033603
1033609
1033610
1033612
1033618
1033636
1033637
1033638
1033657
1033666
1033671
1033694
1033697
1033702
1033711
1033712
1033717
1033718
1033723
1033724
1033732
1033741
1033744
1033751
1033756
1033757
1033771
1033774
1033804
1033805
1033807
1033812
1033839
1033840
1033841
1033846
1033850
1033853
1033856
1033869
1033875
1033885
1033893
1033907
1033910
1033919
1033931
1033946
1033952
1033976
1033994
1033997
1034009
1034012
1034019
1034020
1034045
1034046
1034082
1034091
1034096
1034097
1034112
1034128
1034139
1034149
1034152
1034157
1034179
1034180
1034185
1034186
1034192
1034194
1034202
1034210
1034221
1034233
1034239
1034244
1034252
1034253
1034254
1034257
1034259
1034279
1034291
1034304
1034307
1034316
1034331
1034333
1034334
1034344
1034350
1034356
1034369
1034373
1034381
1034384
1034396
1034405
1034415
1034427
1034437
1034446
1034456
1034462
1034467
1034468
1034480
1034493
1034495
1034504
1034509
1034522
1034523
1034531
1034536
1034538
1034547
1034555
1034576
1034589
1034603
1034607
1034628
1034649
1034673
1034682
1034701
1034725
1034730
1034736
1034739
1034743
1034747
1034751
1034760
1034776
1034792
1034807
1034809
1034815
1034821
1034825
1034827
1034873
1034885
1034918
1034920
1034950
1034955
1034977
1035008
1035024
1035051
1035060
1035075
1035091
1035092
1035103
1035109
1035110
1035134
1035142
1035155
1035172
1035186
1035222
1035228
1035238
1035244
1035274
1035320
1035329
1035330
1035336
1035339
1035354
1035367
1035373
1035385
1035390
1035398
1035407
1035411
1035419
1035424
1035430
1035433
1035436
1035446
1035447
1035458
1035471
1035483
1035499
1035511
1035517
1035560
1035574
1035578
1035589
1035612
1035629
1035634
1035654
1035664
1035688
1035691
1035712
1035722
1035740
1035744
1035748
1035751
1035818
1035825
1035837
1035858
1035863
1035885
1035889
1035902
1035920
1035941
1035946
1035958
1035977
1036023
1036048
1036077
1036105
1036111
1036131
1036133
1036145
1036148
1036181
1036185
1036198
1036216
1036221
1036223
1036230
1036232
1036233
1036237
1036250
1036269
1036287
1036289
1036304
1036323
1036332
1036338
1036341
1036359
1036365
1036371
1036392
1036410
1036412
1036425
1036435
1036439
1036453
1036454
1036459
1036479
1036482
1036483
1036487
1036490
1036492
1036509
1036512
1036523
1036524
1036526
1036552
1036553
1036575
1036579
1036582
1036593
1036596
1036608
1036616
1036628
1036650
1036661
1036662
1036673
1036677
1036681
1036692
1036703
1036714
1036722
1036724
1036726
1036736
1036746
1036747
1036751
1036757
1036766
1036780
1036787
1036791
1036794
1036799
1036817
1036822
1036823
1036837
1036850
1036852
1036869
1036889
1036901
1036903
1036915
1036916
1036920
1036928
1036938
1036946
1036947
1036948
1036952
1036964
1036966
1036967
1036968
1036969
1036972
1036981
1036983
1036994
1037001
1037008
1037014
1037016
1037026
1037102
1037202
1037213
1037215
1037248
1037263
1037276
이벤트 공지
